2018/2/1 10:44:25   [发送SocketNotListening, ->COM1]  7E 01 84 01 00 00 00 00 00 00 00 00 00 00 04 A6 85 7E 

2018/2/1 10:44:26   [发送SocketNotListening, ->COM1]  7E 01 84 01 00 00 00 00 00 00 00 00 01 00 04 F7 45 7E 

2018/2/1 10:44:26   [发送SocketNotListening, ->COM1]  7E 01 84 01 00 00 00 00 00 00 00 00 02 00 04 07 45 7E 

2018/2/1 10:44:26   [发送SocketNotListening, ->COM1]  7E 01 84 01 00 00 00 00 00 00 00 00 03 00 04 56 85 7E 

2018/2/1 10:44:26   [发送SocketNotListening, ->COM1]  7E 01 84 01 00 00 00 00 00 00 00 00 04 00 04 E7 44 7E 

2018/2/1 10:44:26   [发送SocketNotListening, ->COM1]  7E 01 84 01 00 00 00 00 00 00 00 00 05 00 04 B6 84 7E 

2018/2/1 10:44:26   [发送SocketNotListening, ->COM1]  7E 01 84 01 00 00 00 00 00 00 00 00 06 00 04 46 84 7E 

2018/2/1 10:44:27   [发送SocketNotListening, ->COM1]  7E 01 84 01 00 00 00 00 00 00 00 00 07 00 04 17 44 7E 

